119
120
120
120
120
119
119
119
119
120
121
121
120
120
119
119
120
120
120
120
119
119
119
119
120
121
120
119
119
119
120
121
122
121
120
120
121
121
122
123
123
123
123
124
125
125
126
126
125
125
125
125
126
127
126
125
125
125
125
126
127
127
125
125
124
125
125
125
124
123
122
122
121
121
120
121
120
120
120
120
121
121
122
122
121
120
120
120
121
122
122
121
120
121
121
122
122
122
123
125
126
129
131
133
137
142
148
154
159
161
161
161
155
147
138
131
125
120
117
114
113
113
113
114
116
118
118
118
119
119
120
122
123
123
123
122
122
123
124
125
125
124
124
124
124
124
125
125
124
124
123
123
124
124
125
125
124
124
124
124
125
125
125
124
124
124
125
125
126
125
125
125
125
126
127
127
127
127
127
127
128
128
129
130
130
129
130
130
131
131
132
133
133
134
135
137
137
138
138
138
138
139
140
141
142
142
142
142
143
143
144
144
143
143
143
143
143
142
142
141
139
137
137
135
135
134
132
131
130
129
128
128
128
127
126
125
124
124
125
125
125
124
123
123
123
124
124
124
124
123
123
123
123
124
124
123
123
122
122
122
123
124
123
123
123
122
123
124
125
125
124
124
124
124
125
125
125
125
124
124
124
125
125
125
125
125
125
125
125
125
125
125
125
125
125
125
125
125
125
125
125
125
125
125
126
125
125
125
125
125
125
126
125
125
125
125
125
125
125
125
125
124
124
124
125
125
125
125
125
125
125
125
125
125
125
125
125
125
125
125
125
125
125
125
125
125
125
126
125
125
124
125
125
125
125
125
125
125
125
125
125
125
125
125
124
124
124
125
125
125
125
125
125
125
125
125
125
125
125
124
125
125
125
125
125
124
124
124
124
125
125
125
124
124
124
125
125
125
125
125
125
125
125
126
127
128
128
128
127
128
129
130
130
130
129
128
129
129
129
129
129
128
128
129
129
129
128
127
127
126
126
126
126
126
125
125
125
124
124
125
125
125
124
123
123
124
125
125
125
124
123
123
124
125
125
125
125
124
125
125
128
131
132
134
136
138
143
149
156
161
164
165
164
160
153
144
137
129
123
118
116
115
117
118
119
119
119
119
121
123
124
124
124
123
124
124
125
125
125
125
125
125
125
125
125
125
125
125
125
125
126
126
126
126
125
125
125
125
126
126
126
125
125
125
126
127
127
127
126
126
126
127
127
128
128
127
127
127
128
129
129
129
129
129
129
130
131
131
132
132
132
132
133
134
135
136
137
137
137
138
139
140
142
141
141
141
142
143
144
144
144
144
144
144
145
145
145
144
143
143
142
140
140
139
138
137
135
133
132
132
132
131
130
128
127
126
127
127
127
126
125
125
125
125
125
125
125
124
123
123
124
124
125
124
124
123
123
123
124
124
124
123
122
122
123
123
124
124
123
122
123
123
124
125
125
124
124
124
125
125
125
125
125
125
125
125
125
125
125
125
125
125
125
125
126
126
126
125
125
125
125
126
126
126
125
125
125
125
126
127
126
125
125
125
125
125
126
126
126
125
125
125
125
125
125
125
125
125
125
125
126
127
126
125
125
125
125
126
126
126
125
125
125
125
126
126
125
125
125
125
125
125
125
125
125
125
125
125
125
125