540
536
532
532
528
520
504
496
496
504
552
616
684
748
812
848
856
828
776
712
644
600
576
564
552
548
548
552
552
552
552
552
556
560
564
568
576
572
572
576
576
580
580
580
580
584
592
596
600
600
600
604
604
608
616
616
624
624
628
632
632
636
640
644
652
656
664
668
676
680
684
684
692
696
700
700
696
696
696
692
688
688
688
684
684
676
676
676
676
672
672
672
672
676
676
676
680
684
684
688
692
692
684
684
684
684
688
692
692
696
700
700
704
708
712
716
720
720
728
732
740
736
736
736
740
744
748
748
752
756
764
764
760
756
752
748
748
740
740
732
728
724
724
732
732
728
732
736
744
748
744
740
740
744
748
756
760
760
756
756
756
756
756
760
764
764
764
764
760
748
740
724
716
724
748
800
868
940
952
952
952
952
952
952
940
872
828
808
796
792
796
800
800
796
800
808
812
808
808
808
808
812
812
820
820
824
828
832
836
844
848
852
848
848
848
848
848
852
860
868
872
872
876
872
880
892
900
908
908
908
908
916
924
928
932
932
932
936
936
940
948
952
952
952
948
944
940
936
932
932
932
928
924
924
924
924
924
924
916
908
904
912
912
912
916
916
916
916
916
916
912
916
920
924
924
924
928
928
928
936
940
948
952
952
952
952
948
948
952
952
952
952
952
952
952
952
952
952
952
952
952
948
944
936
940
936
932
928
928
928
928
932
928
924
928
924
924
924
924
928
928
924
924
928
924
924
928
928
928
928
928
928
924
924
916
904
896
884
880
900
936
952
952
952
952
952
952
952
952
952
952
952
944
932
924
920
920
916
920
920
924
928
932
932
932
932
932
928
932
940
944
940
940
940
936
940
948
948
948
948
948
952
952
948
948
952
952
952
952
952
952
952
952
952
952
952
952
952
952
952
952
952
952
952
952
952
952
952
952
952
952
952
952
952
952
952
952
952
948
944
940
936
928
928
928
932
936
936
932
932
928
924
924
924
924
924
924
924
924
924
924
924
924
924
924
924
924
924
924
932
932
928
928
932
932
928
928
928
928
924
928
932
932
928
924
916
908
900
900
892
884
876
872
872
872
872
872
868
864
860
860
860
860
860
860
852
844
844
844
844
848
844
844
840
836
840
840
840
836
824
812
796
784
780
788
816
868
924
952
952
952
952
952
952
952
892
844
820
804
800
800
800
800
800
804
800
792
792
788
788
788
788
788
784
784
780
780
780
784
784
780
780
780
784
784
784
784
788
784
780
776
776
780
788
788
784
784
784
784
792
792
796
796
792
792
792
792
792
792
792
792
792
788
784
784
780
772
764
760
752
744
740
736
728
724
724
720
712
712
712
712
712
708
700
696
692
692
692
692
688
684
680
676
680
684
680
672
668
664
668
664
660
664
668
668
664
660
660
660
660
660
660
660
660
660
660
656
648
644
644
632
624
616
604
600
592
584
580
576
576
576
572
560
560
556
552
552
552
552
552
548
544
540
536
532
532
532
528
524
524
520
516
516
512
504
492
472
464
460
476
512
556
604
660
716
748
748
716
660
588
524
488
468
460
456
460
460
460
456
456
464
464
456
452
448
444
444
440
436
436
440
432
428
424
428
428
428
428
424
424
424
428
428
424
424
420
420
424
436
436
436
440
436
436
436
436
436
444
444
444
448
444
444
444
444
440
432
428
424
424
424
420
416
408
396
392
392
392
380
372
364
360
360
356
348
340
336
336
336
340
336
332
332
332
324
324
324
316
316
316
312
312
312
312
316
324
328
328
320
320
320
316
320
312
312
312
312
308
304
300
296
296
296
292
288
280
276
272
260
256
248
240
236
232
232
232
232
224
220
220
216
212
212
216
212
208
208
204
208
208
204
196
188
184
180
180
180
180
172
160
144
132
124
132
152
196
256
316
376
428
456
448
404
340
260
200
168
152
148
140
136
140
140
140
136
136
136
132
132
136
140
140
144
144
144
136
132
132
132
128
128
128
132
128
128
136
140
140
140
136
136
136
136
144
148
148
148
148
152
156
164
168
172
172
172
168
164
164
172
180
180
168
160
160
160
160
152
152
144
140
140
136
136
136
132
124
124
120
120
120
116
112
108
104
100
104
108
108
108
108
104
104
108
108
108
108
108
112
116
120
124
124
128
128
128
124
124
120
120
124
124
124
124
128
128
124
124
124
116
116
112
112
100
88
80
72
68
68
72
72
80
76
72
72
72
72
72
72
76
76
76
72
72
72
76
80
76
76
72
72
72
72
68
68
68
68
68
68
68
68
112
180
244
312
364
388
372
316
244
172
124
100
80
72
68
68
68
68
68
68
580
580
580
576
568
560
552
548
548
548
548
540
536
532
536
544
544
548
548
544
544
548
548
552
552
552
548
540
540
544
544
548
552
552
552
556
564
564
564
564
564
564
568
568
564
560
560
568
572
572
572
576
572
564
552
544
536
528
524
524
524
524
524
524
524
524
524
524
520
524
524
524
520
520
520
524
520
516
516
516
524
520
516
520
512
504
496
484
472
468
472
496
544
608
680
744
796
820
804
764
704
632
580
544
524
508
504
500
500
504
504
504
504
504
504
508
512
512
508
508
508
508
512
516
516
512
512
516
516
520
520
520
524
524
528
532
532
536
540
540
540
540
548
552
564
564
564
568
568
568
568
572
580
580
580
580
580
580
580
580
576
568
560
552
552
552
552
552
540
528
524
524
524
524
524
520
524
520
520
516
516
516
512
508
500
500
500
504
504
504
508
508
512
516
520
520
516
520
516
516
516
512
520
520
520
520
520
520
524
524
516
504
500
500
492
484
476
472
464
460
452
452
456
460
460
452
448
444
444
440
444
444
444
444
448
448
444
444
444
444
444
444
440
432
424
420
408
396
384
376
380
408
468
540
608
672
716
740
728
684
624
552
488
452
432
416
412
408
404
404
408
408
408
408
412
416
416
408
408
408
416
404
396
396
396
396
404
408
412
416
412
412
408
412
416
420
420
420
420
420
416
420
432
432
432
440
444
444
444
444
444
444
444
444
444
448
448
452
448
444
444
436
432
428
428
420
416
408
400
392
392
392
392
388
380
376
376
376
376
372
368
364
368
368
372
368
368
364
364
364
368
372
372
372
376
372
372
372
372
372
372
368
368
364
364
364
364
372
368
364
356
356
352
344
340
340
332
320
312
312
316
316
316
312
308
308
312
308
300
300
296
288
288
288
288
292
292
288
292
292
292
296
288
280
276
268
256
240
232
228
240
276
340
416
484
552
596
604
584
532
456
384
328
292
276
268
264
260
260
260
264
264
268
268
268
264
264
268
264
264
268
268
268
268
268
264
268
268
268
280
284
284
284
280
284
288
292
296
296
296
296
300
304
304
308
312
316
324
328
324
324
328
332
332
332
328
324
324
324
324
324
324
316
312
312
308
308
308
304
300
296
288
280
276
280
280
280
280
284
284
284
284
284
284
272
272
268
268
264
264
268
272
280
284
284
288
296
304
304
304
304
296
296
300
300
304
304
300
304
308
308
308
304
292
280
268
264
260
260
264
264
260
252
252
256
260
256
248
248
248
248
248
248
248
244
240
236
240
248
252
256
256
256
260
256
252
240
228
212
204
204
216
260
316
384
444
500
532
532
508
456
384
320
276
256
248
248
248
252
256
256
260
260
256
260
264
264
260
264
260
260
264
272
272
272
268
272
272
280
280
284
288
296
288
284
284
288
292
296
300
304
308
316
320
320
324
320
324
332
336
340
344
344
352
352
352
356
356
360
360
352
348
340
344
348
340
332
324
324
324
324
324
324
324
320
320
320
320
320
320
316
316
324
328
328
332
328
328
320
316
320
328
336
340
344
352
352
364
364
360
360
360
364
360
360
360
364
364
364
364
360
360
352
352
344
340
340
340
332
328
324
320
324
324
328
328
320
316
312
316
320
316
320
316
312
312
312
316
316
320
320
320
320
316
320
320
316
312
304
288
280
276
284
316
364
420
476
536
580
584
564
516
448
392
360
348
332
316
308
312
312
316
316
320
324
320
320
320
328
332
336
340
344
344
340
340
344
348
344
348
348
352
360
364
364
364
368
364
364
368
380
384
388
392
396
392
396
400
408
416
420
424
432
436
436
436
432
432
432
432
428
424
424
424
428
424
420
416
416
408
408
408
404
404
404
408
408
408
408
420
412
408
408
408
412
416
416
416
416
416
420
424
420
424
420
420
428
436
440
436
436
432
436
436
440
444
452
456
456
460
464
464
460
452
452
448
448
444
444
436
428
424
420
420
420
416
416
416
416
408
408
408
408
416
420
420
420
420
420
420
428
428
428
432
428
436
432
428
420
420
412
392
384
380
392
424
480
552
616
672
712
724
704
652
580
516
472
444
432
432
436
440
444
444
448
448
448
448
448
444
444
448
448
452
456
460
464
464
464
468
472
472
472
476
472
472
472
476
484
492
496
496
500
500
504
512
520
524
524
528
528
536
548
548
548
552
552
552
552
552
552
552
552
552
552
552
548
544
540
536
532
528
524
524
524
520
516
512
512
516
520
520
524
524
524
524
524
520
524
524
532
532
532
524
528
528
532
540
540
544
548
548
548
548
548
548
548
552
552
552
552
556
560
560
564
568
564
560
560
556
552
552
544
540
532
524
520
520
520
524
524
528
528
528
524
524
524
524
524
524
520
524
524
528
528
528
528
524
524
528
532
532
524
512
500
476
468
468
488
540
616
688
752
804
840
840
800
740
664
604
564
544
532
528
528
524
524
524
532
528
532
536
536
540
540
548
544
548
548
548
552
548
548
552
552
552
556
556
556
560
560
560
568
564
564
580
580
580
580
584
592
592
592
604
608
616
620
616
616
616
612
620
620
620
620
620
620
620
616
612
608
604
604
604
600
592
592
584
580
580
580
576
576
580
580
580
572
568
564
564
568
568
568
568
568
576
576
576
576
580
584
588
592
592
592
596
600
604
604
604
600
596
592
596
604
604
604
604
604
604
604
604
600
596
592
584
580
572
564
560
560
552
552
548
544
552
548
548
544
548
548
544
540
540
540
540
540
540
544
548
552
552
548
548
544
540
540
528
516
496
488
500
524
576
648
720
788
836
864
852
804
740
664
608
572
552
540
532
536
536
532
532
532
532
540
544
540
532
528
528
528
532
540
544
548
544
544
544
548
548
552
548
548
552
552
552
552
560
560
564
564
572
580
580
584
588
588
588
592
596
600
604
604
604
604
604
604
608
612
612
612
608
604
600
592
584
580
576
576
572
568
560
564
564
560
560
560
560
560
556
556
556
556
556
560
556
556
552
556
556
552
552
552
556
560
564
564
568
568
572
572
576
572
576
572
572
576
576
576
580
584
584
584
584
588
596
592
584
576
564
556
552
548
548
544
544
540
532
532
540
540
540
540
532
532
532
536
540
544
548
548
548
552
548
552
552
552
552
552
548
548
540
524
516
500
500
508
548
604
668
732
792
832
840
820
764
696
632
592
568
552
548
548
552
552
552
556
556
556
556
560
564
568
568
564
568
572
568
568
564
564
568
576
580
580
584
588
588
588
592
596
596
600
596
604
604
608
616
632
632
632
636
636
644
652
652
652
656
660
652
652
660
660
668
664
660
660
656
652
648
644
636
632
628
624
620
624
624
624
620
620
624
620
624
624
624
624
620
620
616
620
624
628
632
632
628
624
620
620
624
632
636
644
652
652
648
644
644
644
648
652
652
656
660
660
664
660
660
660
656
648
644
636
632
628
624
620
616
608
604
604
608
612
616
620
616
608
608
612
604
604
604
604
604
604
604
604
608
608
612
612
604
604
604
604
600
592
580
568
560
560
576
620
672
728
784
832
856
856
828
780
720
664
620
600
588
584
588
592
596
592
592
592
596
600
596
596
596
596
596
600
604
604
604
604
604
604
604
604
604
604
604
608
608
604
600
604
604
612
620
620
624
632
636
636
632
632
636
644
648
648
652
652
652
648
648
652
652
652
648
644
644
636
636
636
632
620
620
616
612
608
604
604
604
600
596
592
592
596
596
592
592
592
596
596
592
588
588
588
584
584
580
584
588
592
596
592
588
588
588
592
596
596
596
596
600
604
604
604
604
604
604
604
604
604
596
592
588
584
576
564
556
552
552
548
548
552
552
552
552
548
548
548
544
544
544
540
540
540
540
540
536
540
540
536
536
536
536
532
536
532
520
500
480
476
492
524
580
648
712
764
800
808
784
732
660
604
564
540
528
524
524
524
524
524
524
524
524
524
524
524
524
532
532
532
532
532
528
524
524
524
528
536
540
544
548
548
548
548
548
552
552
556
552
556
556
564
568
572
580
580
576
580
580
588
596
596
596
596
596
596
596
600
596
592
588
588
584
580
576
568
564
560
556
556
552
552
552
552
552
544
540
536
540
552
552
544
544
544
548
552
552
552
552
552
544
544
544
544
552
552
556
560
564
568
568
564
560
560
560
564
568
568
568
572
576
576
576
576
580
576
568
560
552
544
540
540
540
540
532
524
520
524
524
532
536
532
528
528
536